1.795943449882827e-05,3990.0
3.591886899765654e-05,3981.0
5.3878303496484815e-05,3979.0
7.183773799531308e-05,3974.0
8.979717249414133e-05,3972.0
0.00010775660699296959,3969.0
0.00012571604149179785,3966.0
0.0001436754759906261,3962.0
0.00016163491048945436,3956.0
0.0001795943449882826,3952.0
0.00019156730132083478,3951.0
0.00020952673581966304,3946.0
0.0002274861703184913,3940.0
0.00024544560481731955,3938.0
0.0002634050393161478,3936.0
0.00028136447381497606,3929.0
0.0002993239083138043,3928.0
0.0003172833428126326,3924.0
0.00033524277731146083,3919.0
0.0003532022118102891,3914.0
0.00036517516814284126,3912.0
0.0003831346026416695,3906.0
0.00040109403714049777,3903.0
0.000419053471639326,3901.0
0.0004370129061381543,3897.0
0.00045497234063698254,3892.0
0.0004729317751358108,3890.0
0.0004908912096346391,3888.0
0.0005088506441334675,3884.0
0.0005268100786322959,3883.0
0.0005387830349648482,3881.0
0.0005567424694636766,3879.0
0.0005747019039625051,3874.0
0.0005926613384613335,3871.0
0.0006106207729601619,3867.0
0.0006285802074589903,3866.0
0.0006465396419578187,3864.0
0.0006644990764566471,3860.0
0.0006824585109554756,3858.0
0.000700417945454304,3854.0
0.0007123909017868563,3851.0
0.0007303503362856847,3847.0
0.0007483097707845131,3841.0
0.0007662692052833415,3838.0
0.0007842286397821699,3832.0
0.0008021880742809984,3830.0
0.0008201475087798268,3822.0
0.0008381069432786552,3819.0
0.0008560663777774836,3815.0
0.000874025812276312,3812.0
0.0008859987686088643,3810.0
0.0009039582031076927,3807.0
0.0009219176376065211,3804.0
0.0009398770721053496,3803.0
0.000957836506604178,3801.0
0.0009757959411030064,3798.0
0.0009937553756018346,3794.0
0.0010117148101006627,3789.0
0.0010296742445994908,3786.0
0.0010476336790983189,3782.0
0.001059606635430871,3780.0
0.001077566069929699,3776.0
0.0010955255044285271,3773.0
0.0011134849389273552,3773.0
0.0011314443734261833,3772.0
0.0011494038079250114,3766.0
0.0011673632424238395,3763.0
0.0011853226769226676,3762.0
0.0012032821114214957,3759.0
0.0012212415459203238,3757.0
0.0012332145022528758,3751.0
0.001251173936751704,3748.0
0.001269133371250532,3744.0
0.0012870928057493601,3742.0
0.0013050522402481882,3736.0
0.0013230116747470163,3733.0
0.0013409711092458444,3730.0
0.0013589305437446725,3728.0
0.0013768899782435006,3727.0
0.0013948494127423287,3727.0
0.0014128088472411568,3725.0
0.0014247818035737088,3724.0
0.001442741238072537,3723.0
0.001460700672571365,3722.0
0.0014786601070701931,3719.0
0.0014966195415690212,3716.0
0.0015145789760678493,3714.0
0.0015325384105666774,3711.0
0.0015504978450655055,3707.0
0.0015684572795643336,3704.0
0.0015864167140631617,3699.0
0.0015983896703957137,3696.0
0.0016163491048945418,3694.0
0.00163430853939337,3693.0
0.001652267973892198,3690.0
0.0016702274083910261,3689.0
0.0016881868428898542,3686.0
0.0017061462773886823,3679.0
0.0017241057118875104,3674.0
0.0017420651463863385,3668.0
0.0017600245808851666,3667.0
0.0017719975372177186,3665.0
0.0017899569717165467,3663.0
0.0018079164062153748,3662.0
0.001825875840714203,3659.0
0.001843835275213031,3656.0
0.0018617947097118591,3654.0
0.0018797541442106872,3652.0
0.0018977135787095153,3651.0
0.0019156730132083434,3647.0
0.0019336324477071715,3646.0
0.0019456054040397235,3643.0
0.0019635648385385516,3641.0
0.0019815242730373797,3638.0
0.001999483707536208,3633.0
0.002017443142035036,3631.0
0.002035402576533864,3629.0
0.002053362011032692,3626.0
0.00207132144553152,3623.0
0.0020892808800303483,3623.0
0.0021072403145291764,3622.0
0.0021192132708617284,3621.0
0.0021371727053605565,3621.0
0.0021551321398593846,3616.0
0.0021730915743582127,3611.0
0.002191051008857041,3608.0
0.002209010443355869,3605.0
0.002226969877854697,3605.0
0.002244929312353525,3602.0
0.002262888746852353,3597.0
0.0022808481813511813,3592.0
0.0022928211376837333,3588.0
0.0023107805721825614,3588.0
0.0023287400066813895,3583.0
0.0023466994411802176,3581.0
0.0023646588756790457,3579.0
0.002382618310177874,3579.0
0.002400577744676702,3576.0
0.00241853717917553,3575.0
0.002436496613674358,3575.0
0.002454456048173186,3573.0
0.0024664290045057382,3570.0
0.0024843884390045663,3566.0
0.0025023478735033944,3566.0
0.0025203073080022225,3563.0
0.0025382667425010506,3559.0
0.0025562261769998787,3556.0
0.002574185611498707,3554.0
0.002592145045997535,3550.0
0.002610104480496363,3550.0
0.002628063914995191,3548.0
0.002646023349494019,3544.0
0.0026579963058265712,3539.0
0.0026759557403253993,3535.0
0.0026939151748242274,3534.0
0.0027118746093230555,3530.0
0.0027298340438218836,3527.0
0.0027477934783207117,3524.0
0.00276575291281954,3519.0
0.002783712347318368,3514.0
0.002801671781817196,3510.0
0.002819631216316024,3507.0
0.002831604172648576,3506.0
0.0028495636071474042,3500.0
0.0028675230416462323,3495.0
0.0028854824761450604,3492.0
0.0029034419106438885,3489.0
0.0029214013451427166,3484.0
0.0029393607796415447,3481.0
0.002957320214140373,3478.0
0.002975279648639201,3472.0
0.002993239083138029,3468.0
0.003005212039470581,3467.0
0.003023171473969409,3462.0
0.0030411309084682372,3455.0
0.0030590903429670653,3452.0
0.0030770497774658934,3449.0
0.0030950092119647215,3447.0
0.0031129686464635496,3445.0
0.0031309280809623777,3439.0
0.003148887515461206,3434.0
0.003166846949960034,3431.0
0.003178819906292586,3430.0
0.003196779340791414,3426.0
0.003214738775290242,3423.0
0.0032326982097890702,3419.0
0.0032506576442878983,3417.0
0.0032686170787867264,3415.0
0.0032865765132855545,3414.0
0.0033045359477843826,3412.0
0.0033224953822832107,3409.0
0.003340454816782039,3400.0
0.003352427773114591,3399.0
0.003370387207613419,3397.0
0.003388346642112247,3395.0
0.003406306076611075,3391.0
0.0034242655111099032,3387.0
0.0034422249456087313,3382.0
0.0034601843801075594,3379.0
0.0034781438146063875,3373.0
0.0034961032491052156,3370.0
0.0035140626836040437,3368.0
0.0035260356399365957,3365.0
0.003543995074435424,3363.0
0.003561954508934252,3360.0
0.00357991394343308,3355.0
0.003597873377931908,3352.0
0.003615832812430736,3347.0
0.0036337922469295643,3346.0
0.0036517516814283924,3343.0
0.0036697111159272205,3339.0
0.0036876705504260486,3335.0
0.0036996435067586006,3333.0
0.0037176029412574287,3328.0
0.003735562375756257,3325.0
0.003753521810255085,3323.0
0.003771481244753913,3319.0
0.003789440679252741,3316.0
0.003807400113751569,3311.0
0.0038253595482503973,3309.0
0.0038433189827492254,3305.0
0.0038612784172480535,3304.0
0.0038792378517468816,3302.0
0.0038912108080794336,3300.0
0.003909170242578262,3298.0
0.00392712967707709,3297.0
0.003945089111575918,3295.0
0.0039630485460747465,3294.0
0.0039810079805735745,3292.0
0.003998967415072403,3290.0
0.004016926849571231,3288.0
0.004034886284070059,3285.0
0.004052845718568887,3285.0
0.004064818674901439,3283.0
0.004082778109400267,3279.0
0.004100737543899095,3276.0
0.004118696978397923,3273.0
0.004136656412896751,3269.0
0.0041546158473955794,3266.0
0.0041725752818944075,3264.0
0.004190534716393236,3260.0
0.004208494150892064,3257.0
0.004226453585390892,3255.0
0.004238426541723444,3252.0
0.004256385976222272,3248.0
0.0042743454107211,3244.0
0.004292304845219928,3242.0
0.004310264279718756,3240.0
0.004328223714217584,3235.0
0.0043461831487164124,3231.0
0.0043641425832152405,3228.0
0.004382102017714069,3226.0
0.004400061452212897,3223.0
0.004412034408545449,3222.0
0.004429993843044277,3221.0
0.004447953277543105,3219.0
0.004465912712041933,3215.0
0.004483872146540761,3215.0
0.004501831581039589,3212.0
0.004519791015538417,3207.0
0.0045377504500372454,3206.0
0.0045557098845360735,3203.0
0.004573669319034902,3201.0
0.004585642275367454,3199.0
0.004603601709866282,3197.0
0.00462156114436511,3195.0
0.004639520578863938,3188.0
0.004657480013362766,3184.0
0.004675439447861594,3180.0
0.004693398882360422,3178.0
0.00471135831685925,3174.0
0.004729317751358078,3174.0
0.0047472771858569065,3170.0
0.004759250142189459,3167.0
0.004777209576688287,3164.0
0.004795169011187115,3160.0
0.004813128445685943,3158.0
0.004831087880184771,3156.0
0.004849047314683599,3155.0
0.004867006749182427,3152.0
0.004884966183681255,3148.0
0.004902925618180083,3144.0
0.004920885052678911,3140.0
0.0049328580090114635,3139.0
0.004950817443510292,3137.0
0.00496877687800912,3136.0
0.004986736312507948,3133.0
0.005004695747006776,3127.0
0.005022655181505604,3126.0
0.005040614616004432,3121.0
0.00505857405050326,3121.0
0.005076533485002088,3120.0
0.005094492919500916,3119.0
0.005112452353999744,3116.0
0.0051244253103322965,3114.0
0.005142384744831125,3111.0
0.005160344179329953,3108.0
0.005178303613828781,3108.0
0.005196263048327609,3107.0
0.005214222482826437,3105.0
0.005232181917325265,3102.0
0.005250141351824093,3099.0
0.005268100786322921,3096.0
0.005286060220821749,3094.0
0.005298033177154301,3093.0
0.0053159926116531295,3091.0
0.005333952046151958,3088.0
0.005351911480650786,3087.0
0.005369870915149614,3086.0
0.005387830349648442,3081.0
0.00540578978414727,3080.0
0.005423749218646098,3075.0
0.005441708653144926,3071.0
0.005459668087643754,3069.0
0.005471641043976306,3067.0
0.005489600478475134,3066.0
0.0055075599129739625,3062.0
0.0055255193474727906,3060.0
0.005543478781971619,3060.0
0.005561438216470447,3058.0
0.005579397650969275,3055.0
0.005597357085468103,3054.0
0.005615316519966931,3048.0
0.005633275954465759,3046.0
0.005645248910798311,3043.0
0.005663208345297139,3039.0
0.005681167779795967,3039.0
0.0056991272142947955,3036.0
0.0057170866487936236,3031.0
0.005735046083292452,3029.0
0.00575300551779128,3026.0
0.005770964952290108,3024.0
0.005788924386788936,3022.0
0.005806883821287764,3021.0
0.005818856777620316,3018.0
0.005836816212119144,3015.0
0.005854775646617972,3014.0
0.0058727350811168,3014.0
0.0058906945156156285,3013.0
0.0059086539501144566,3009.0
0.005926613384613285,3007.0
0.005944572819112113,3003.0
0.005962532253610941,2998.0
0.005980491688109769,2995.0
0.005992464644442321,2995.0
0.006010424078941149,2992.0
0.006028383513439977,2991.0
0.006046342947938805,2989.0
0.006064302382437633,2987.0
0.0060822618169364615,2984.0
0.0061002212514352895,2984.0
0.006118180685934118,2980.0
0.006136140120432946,2976.0
0.006154099554931774,2974.0
0.006166072511264326,2972.0
0.006184031945763154,2970.0
0.006201991380261982,2966.0
0.00621995081476081,2965.0
0.006237910249259638,2963.0
0.006255869683758466,2960.0
0.0062738291182572944,2957.0
0.0062917885527561225,2957.0
0.006309747987254951,2954.0
0.006327707421753779,2949.0
0.006345666856252607,2945.0
0.006357639812585159,2943.0
0.006375599247083987,2939.0
0.006393558681582815,2937.0
0.006411518116081643,2934.0
0.006429477550580471,2932.0
0.006447436985079299,2930.0
0.0064653964195781274,2929.0
0.0064833558540769555,2927.0
0.006501315288575784,2923.0
0.006519274723074612,2919.0
0.006531247679407164,2917.0
0.006549207113905992,2916.0
0.00656716654840482,2913.0
0.006585125982903648,2911.0
0.006603085417402476,2908.0
0.006621044851901304,2905.0
0.006639004286400132,2904.0
0.0066569637208989604,2902.0
0.0066749231553977885,2902.0
0.006692882589896617,2901.0
0.006704855546229169,2897.0
0.006722814980727997,2895.0
0.006740774415226825,2893.0
0.006758733849725653,2891.0
0.006776693284224481,2888.0
0.006794652718723309,2887.0
0.006812612153222137,2886.0
0.006830571587720965,2884.0
0.006848531022219793,2881.0
0.0068664904567186215,2879.0
0.006878463413051174,2878.0
0.006896422847550002,2873.0
0.00691438228204883,2870.0
0.006932341716547658,2867.0
0.006950301151046486,2866.0
0.006968260585545314,2864.0
0.006986220020044142,2860.0
0.00700417945454297,2858.0
0.007022138889041798,2856.0
0.007040098323540626,2854.0
0.0070520712798731785,2854.0
0.007070030714372007,2854.0
0.007087990148870835,2853.0
0.007105949583369663,2851.0
0.007123909017868491,2850.0
0.007141868452367319,2846.0
0.007159827886866147,2843.0
0.007177787321364975,2840.0
0.007195746755863803,2839.0
0.007213706190362631,2833.0
0.007225679146695183,2830.0
0.0072436385811940115,2826.0
0.00726159801569284,2825.0
0.007279557450191668,2823.0
0.007297516884690496,2822.0
0.007315476319189324,2821.0
0.007333435753688152,2819.0
0.00735139518818698,2818.0
0.007369354622685808,2815.0
0.007387314057184636,2813.0
0.007399287013517188,2812.0
0.007417246448016016,2809.0
0.0074352058825148445,2806.0
0.007453165317013673,2805.0
0.007471124751512501,2804.0
0.007489084186011329,2800.0
0.007507043620510157,2797.0
0.007525003055008985,2794.0
0.007542962489507813,2791.0
0.007560921924006641,2790.0
0.007578881358505469,2788.0
0.007590854314838021,2785.0
0.007608813749336849,2781.0
0.0076267731838356775,2780.0
0.0076447326183345056,2780.0
0.007662692052833334,2779.0
0.007680651487332162,2777.0
0.00769861092183099,2773.0
0.007716570356329818,2770.0
0.007734529790828646,2768.0
0.007752489225327474,2766.0
0.007764462181660026,2766.0
0.007782421616158854,2758.0
0.007800381050657682,2755.0
0.00781834048515651,2748.0
0.007836299919655341,2748.0
0.007854259354154172,2747.0
0.007872218788653003,2745.0
0.007890178223151833,2745.0
0.007908137657650664,2744.0
0.007926097092149495,2738.0
0.007938070048482048,2737.0
0.007956029482980879,2737.0
0.00797398891747971,2735.0
0.00799194835197854,2734.0
0.008009907786477371,2733.0
0.008027867220976202,2730.0
0.008045826655475033,2728.0
0.008063786089973863,2722.0
0.008081745524472694,2722.0
0.008099704958971525,2721.0
0.008111677915304078,2720.0
0.00812963734980291,2717.0
0.00814759678430174,2715.0
0.00816555621880057,2710.0
0.008183515653299401,2706.0
0.008201475087798232,2705.0
0.008219434522297063,2702.0
0.008237393956795893,2700.0
0.008255353391294724,2699.0
0.008273312825793555,2698.0
0.008285285782126109,2695.0
0.00830324521662494,2691.0
0.00832120465112377,2688.0
0.0083391640856226,2685.0
0.008357123520121431,2681.0
0.008375082954620262,2679.0
0.008393042389119093,2674.0
0.008411001823617923,2672.0
0.008428961258116754,2667.0
0.008446920692615585,2664.0
0.008458893648948139,2664.0
0.00847685308344697,2661.0
0.0084948125179458,2658.0
0.00851277195244463,2657.0
0.008530731386943461,2656.0
0.008548690821442292,2653.0
0.008566650255941123,2652.0
0.008584609690439953,2648.0
0.008602569124938784,2645.0
0.008620528559437615,2644.0
0.008632501515770169,2643.0
0.008650460950269,2641.0
0.00866842038476783,2638.0
0.00868637981926666,2638.0
0.008704339253765491,2636.0
0.008722298688264322,2633.0
0.008740258122763153,2631.0
0.008758217557261984,2630.0
0.008776176991760814,2628.0
0.008794136426259645,2625.0
0.008812095860758476,2625.0
0.00882406881709103,2624.0
0.00884202825158986,2621.0
0.00885998768608869,2618.0
0.008877947120587521,2617.0
0.008895906555086352,2614.0
0.008913865989585183,2614.0
0.008931825424084014,2611.0
0.008949784858582844,2606.0
0.008967744293081675,2606.0
0.008985703727580506,2605.0
0.00899767668391306,2605.0
0.00901563611841189,2604.0
0.00903359555291072,2599.0
0.009051554987409552,2598.0
0.009069514421908382,2596.0
0.009087473856407213,2595.0
0.009105433290906044,2595.0
0.009123392725404874,2593.0
0.009141352159903705,2592.0
0.009159311594402536,2591.0
0.00917128455073509,2588.0
0.00918924398523392,2587.0
0.009207203419732751,2583.0
0.009225162854231582,2581.0
0.009243122288730412,2579.0
0.009261081723229243,2577.0
0.009279041157728074,2572.0
0.009297000592226904,2567.0
0.009314960026725735,2566.0
0.009332919461224566,2563.0
0.00934489241755712,2562.0
0.00936285185205595,2559.0
0.009380811286554781,2558.0
0.009398770721053612,2558.0
0.009416730155552442,2551.0
0.009434689590051273,2550.0
0.009452649024550104,2548.0
0.009470608459048934,2546.0
0.009488567893547765,2544.0
0.009506527328046596,2541.0
0.00951850028437915,2541.0
0.00953645971887798,2539.0
0.009554419153376811,2536.0
0.009572378587875642,2531.0
0.009590338022374472,2530.0
0.009608297456873303,2528.0
0.009626256891372134,2525.0
0.009644216325870964,2525.0
0.009662175760369795,2525.0
0.009680135194868626,2525.0
0.00969210815120118,2525.0
0.00971006758570001,2525.0
0.009728027020198841,2525.0
0.009745986454697672,2521.0
0.009763945889196502,2516.0
0.009781905323695333,2515.0
0.009799864758194164,2512.0
0.009817824192692995,2510.0
0.009835783627191825,2509.0
0.009853743061690656,2508.0
0.00986571601802321,2507.0
0.00988367545252204,2504.0
0.009901634887020871,2502.0
0.009919594321519702,2499.0
0.009937553756018533,2494.0
0.009955513190517363,2493.0
0.009973472625016194,2493.0
0.009991432059515025,2491.0
0.010009391494013855,2489.0
0.010027350928512686,2487.0
0.010045310363011517,2486.0
0.01005728331934407,2486.0
0.010075242753842901,2486.0
0.010093202188341732,2483.0
0.010111161622840563,2481.0
0.010129121057339393,2477.0
0.010147080491838224,2476.0
0.010165039926337055,2473.0
0.010182999360835885,2472.0
0.010200958795334716,2471.0
0.010218918229833547,2471.0
0.0102308911861661,2469.0
0.010248850620664931,2466.0
0.010266810055163762,2462.0
0.010284769489662593,2459.0
0.010302728924161423,2456.0
0.010320688358660254,2451.0
0.010338647793159085,2447.0
0.010356607227657915,2444.0
0.010374566662156746,2442.0
0.010392526096655577,2441.0
0.01040449905298813,2441.0
0.010422458487486961,2437.0
0.010440417921985792,2435.0
0.010458377356484623,2434.0
0.010476336790983453,2433.0
0.010494296225482284,2429.0
0.010512255659981115,2428.0
0.010530215094479945,2426.0
0.010548174528978776,2425.0
0.010566133963477607,2422.0
0.01057810691981016,2419.0
0.010596066354308991,2417.0
0.010614025788807822,2414.0
0.010631985223306653,2412.0
0.010649944657805483,2412.0
0.010667904092304314,2412.0
0.010685863526803145,2412.0
0.010703822961301976,2410.0
0.010721782395800806,2407.0
0.010739741830299637,2406.0
0.01075171478663219,2404.0
0.010769674221131021,2401.0
0.010787633655629852,2401.0
0.010805593090128683,2397.0
0.010823552524627513,2393.0
0.010841511959126344,2389.0
0.010859471393625175,2387.0
0.010877430828124006,2387.0
0.010895390262622836,2384.0
0.010913349697121667,2383.0
0.01092532265345422,2382.0
0.010943282087953051,2379.0
0.010961241522451882,2374.0
0.010979200956950713,2372.0
0.010997160391449544,2372.0
0.011015119825948374,2369.0
0.011033079260447205,2367.0
0.011051038694946036,2365.0
0.011068998129444866,2363.0
0.011086957563943697,2360.0
0.01109893052027625,2360.0
0.011116889954775082,2359.0
0.011134849389273912,2359.0
0.011152808823772743,2357.0
0.011170768258271574,2355.0
0.011188727692770404,2355.0
0.011206687127269235,2353.0
0.011224646561768066,2349.0
0.011242605996266896,2348.0
0.011260565430765727,2346.0
0.011278524865264558,2339.0
0.011290497821597112,2337.0
0.011308457256095942,2335.0
0.011326416690594773,2331.0
0.011344376125093604,2330.0
0.011362335559592434,2328.0
0.011380294994091265,2326.0
0.011398254428590096,2325.0
0.011416213863088926,2323.0
0.011434173297587757,2322.0
0.011452132732086588,2321.0
0.011464105688419142,2320.0
0.011482065122917972,2318.0
0.011500024557416803,2316.0
0.011517983991915634,2314.0
0.011535943426414464,2313.0
0.011553902860913295,2313.0
0.011571862295412126,2312.0
0.011589821729910956,2312.0
0.011607781164409787,2311.0
0.011625740598908618,2310.0
0.011637713555241172,2310.0
0.011655672989740002,2309.0
0.011673632424238833,2306.0
0.011691591858737664,2306.0
0.011709551293236494,2304.0
0.011727510727735325,2301.0
0.011745470162234156,2298.0
0.011763429596732987,2296.0
0.011781389031231817,2295.0
0.011799348465730648,2293.0
0.011811321422063202,2291.0
0.011829280856562032,2288.0
0.011847240291060863,2288.0
0.011865199725559694,2283.0
0.011883159160058525,2281.0
0.011901118594557355,2279.0
0.011919078029056186,2276.0
0.011937037463555017,2273.0
0.011954996898053847,2271.0
0.011972956332552678,2271.0
0.011984929288885232,2270.0
0.012002888723384062,2269.0
0.012020848157882893,2268.0
0.012038807592381724,2268.0
0.012056767026880555,2268.0
0.012074726461379385,2266.0
0.012092685895878216,2264.0
0.012110645330377047,2261.0
0.012128604764875877,2258.0
0.012146564199374708,2255.0
0.012158537155707262,2255.0
0.012176496590206093,2254.0
0.012194456024704923,2251.0
0.012212415459203754,2250.0
0.012230374893702585,2247.0
0.012248334328201415,2246.0
0.012266293762700246,2244.0
0.012284253197199077,2243.0
0.012302212631697907,2241.0
0.012320172066196738,2237.0
0.012332145022529292,2236.0
0.012350104457028123,2233.0
0.012368063891526953,2232.0
0.012386023326025784,2229.0
0.012403982760524615,2225.0
0.012421942195023445,2224.0
0.012439901629522276,2221.0
0.012457861064021107,2219.0
0.012475820498519937,2217.0
0.012493779933018768,2215.0
0.012511739367517599,2211.0
0.012523712323850153,2210.0
0.012541671758348983,2209.0
0.012559631192847814,2209.0
0.012577590627346645,2206.0
0.012595550061845475,2200.0
0.012613509496344306,2196.0
0.012631468930843137,2195.0
0.012649428365341968,2195.0
0.012667387799840798,2194.0
0.012685347234339629,2191.0
0.012697320190672183,2190.0
0.012715279625171013,2188.0
0.012733239059669844,2183.0
0.012751198494168675,2181.0
0.012769157928667505,2178.0
0.012787117363166336,2176.0
0.012805076797665167,2174.0
0.012823036232163998,2168.0
0.012840995666662828,2168.0
0.012858955101161659,2166.0
0.012870928057494213,2164.0
0.012888887491993043,2163.0
0.012906846926491874,2160.0
0.012924806360990705,2156.0
0.012942765795489536,2152.0
0.012960725229988366,2148.0
0.012978684664487197,2147.0
0.012996644098986028,2141.0
0.013014603533484858,2139.0
0.013032562967983689,2135.0
0.013044535924316243,2133.0
0.013062495358815073,2133.0
0.013080454793313904,2133.0
0.013098414227812735,2132.0
0.013116373662311566,2130.0
0.013134333096810396,2130.0
0.013152292531309227,2128.0
0.013170251965808058,2128.0
0.013188211400306888,2128.0
0.013206170834805719,2124.0
0.013218143791138273,2123.0
0.013236103225637104,2122.0
0.013254062660135934,2117.0
0.013272022094634765,2115.0
0.013289981529133596,2111.0
0.013307940963632426,2111.0
0.013325900398131257,2108.0
0.013343859832630088,2106.0
0.013361819267128918,2105.0
0.013379778701627749,2104.0
0.013391751657960303,2103.0
0.013409711092459134,2103.0
0.013427670526957964,2103.0
0.013445629961456795,2101.0
0.013463589395955626,2100.0
0.013481548830454456,2098.0
0.013499508264953287,2098.0
0.013517467699452118,2098.0
0.013535427133950948,2096.0
0.01355338656844978,2093.0
0.013565359524782333,2091.0
0.013583318959281164,2087.0
0.013601278393779994,2085.0
0.013619237828278825,2082.0
0.013637197262777656,2082.0
0.013655156697276486,2081.0
0.013673116131775317,2080.0
0.013691075566274148,2078.0
0.013709035000772979,2077.0
0.01372699443527181,2075.0
0.01374495386977064,2073.0
0.013756926826103194,2072.0
0.013774886260602024,2069.0
0.013792845695100855,2065.0
0.013810805129599686,2062.0
0.013828764564098516,2061.0
0.013846723998597347,2059.0
0.013864683433096178,2055.0
0.013882642867595009,2054.0
0.01390060230209384,2053.0
0.01391856173659267,2051.0
0.013930534692925224,2051.0
0.013948494127424054,2049.0
0.013966453561922885,2049.0
0.013984412996421716,2046.0
0.014002372430920547,2041.0
0.014020331865419377,2041.0
0.014038291299918208,2039.0
0.014056250734417039,2038.0
0.01407421016891587,2038.0
0.0140921696034147,2034.0
0.014104142559747254,2033.0
0.014122101994246085,2033.0
0.014140061428744915,2031.0
0.014158020863243746,2029.0
0.014175980297742577,2026.0
0.014193939732241407,2026.0
0.014211899166740238,2026.0
0.014229858601239069,2026.0
0.0142478180357379,2026.0
0.01426577747023673,2024.0
0.014277750426569284,2024.0
0.014295709861068115,2020.0
0.014313669295566945,2019.0
0.014331628730065776,2016.0
0.014349588164564607,2015.0
0.014367547599063437,2014.0
0.014385507033562268,2014.0
0.014403466468061099,2013.0
0.01442142590255993,2013.0
0.01443938533705876,2011.0
0.014451358293391314,2009.0
0.014469317727890145,2008.0
0.014487277162388975,2006.0
0.014505236596887806,2003.0
0.014523196031386637,2002.0
0.014541155465885467,1999.0
0.014559114900384298,1998.0
0.014577074334883129,1996.0
0.01459503376938196,1995.0
0.01461299320388079,1993.0
0.014624966160213344,1992.0
0.014642925594712175,1989.0
0.014660885029211005,1988.0
0.014678844463709836,1987.0
0.014696803898208667,1984.0
0.014714763332707497,1983.0
0.014732722767206328,1982.0
0.014750682201705159,1982.0
0.01476864163620399,1980.0
0.01478660107070282,1980.0
0.014798574027035374,1980.0
0.014816533461534205,1979.0
0.014834492896033035,1978.0
0.014852452330531866,1977.0
0.014870411765030697,1977.0
0.014888371199529528,1976.0
0.014906330634028358,1976.0
0.014924290068527189,1974.0
0.01494224950302602,1973.0
0.01496020893752485,1972.0
0.014978168372023681,1971.0
0.014990141328356235,1971.0
0.015008100762855065,1971.0
0.015026060197353896,1968.0
0.015044019631852727,1966.0
0.015061979066351558,1964.0
0.015079938500850388,1963.0
0.015097897935349219,1961.0
0.01511585736984805,1961.0
0.01513381680434688,1959.0
0.015151776238845711,1959.0
0.015163749195178265,1959.0
0.015181708629677096,1953.0
0.015199668064175926,1950.0
0.015217627498674757,1949.0
0.015235586933173588,1947.0
0.015253546367672418,1945.0
0.015271505802171249,1944.0
0.01528946523667008,1938.0
0.01530742467116891,1938.0
0.015325384105667741,1937.0
0.015337357062000295,1936.0
0.015355316496499126,1933.0
0.015373275930997956,1933.0
0.015391235365496787,1932.0
0.015409194799995618,1929.0
0.015427154234494448,1927.0
0.015445113668993279,1924.0
0.01546307310349211,1923.0
0.01548103253799094,1921.0
0.015498991972489771,1919.0
0.015510964928822325,1917.0
0.015528924363321156,1916.0
0.015546883797819986,1914.0
0.015564843232318817,1911.0
0.015582802666817648,1909.0
0.015600762101316478,1908.0
0.015618721535815309,1907.0
0.015636680970314138,1906.0
0.01565464040481297,1905.0
0.0156725998393118,1905.0
0.015684572795644353,1903.0
0.015702532230143184,1903.0
0.015720491664642015,1902.0
0.015738451099140845,1899.0
0.015756410533639676,1898.0
0.015774369968138507,1897.0
0.015792329402637337,1895.0
0.015810288837136168,1894.0
0.015828248271635,1893.0
0.01584620770613383,1888.0
0.015858180662466383,1887.0
0.015876140096965214,1886.0
0.015894099531464045,1886.0
0.015912058965962875,1884.0
0.015930018400461706,1882.0
0.015947977834960537,1881.0
0.015965937269459368,1878.0
0.015983896703958198,1878.0
0.01600185613845703,1877.0
0.01601981557295586,1877.0
0.016031788529288413,1876.0
0.016049747963787244,1875.0
0.016067707398286075,1870.0
0.016085666832784905,1867.0
0.016103626267283736,1863.0
0.016121585701782567,1863.0
0.016139545136281398,1863.0
0.016157504570780228,1863.0
0.01617546400527906,1859.0
0.01619342343977789,1858.0
0.01621138287427672,1855.0
0.016223355830609274,1855.0
0.016241315265108105,1853.0
0.016259274699606936,1853.0
0.016277234134105766,1851.0
0.016295193568604597,1847.0
0.016313153003103428,1846.0
0.01633111243760226,1846.0
0.01634907187210109,1843.0
0.01636703130659992,1841.0
0.01638499074109875,1841.0
0.016396963697431304,1841.0
0.016414923131930135,1839.0
0.016432882566428966,1838.0
0.016450842000927796,1837.0
0.016468801435426627,1836.0
0.016486760869925458,1836.0
0.01650472030442429,1836.0
0.01652267973892312,1834.0
0.01654063917342195,1833.0
0.01655859860792078,1829.0
0.016570571564253334,1829.0
0.016588530998752165,1828.0
0.016606490433250996,1828.0
0.016624449867749826,1827.0
0.016642409302248657,1824.0
0.016660368736747488,1823.0
0.01667832817124632,1823.0
0.01669628760574515,1822.0
0.01671424704024398,1822.0
0.01673220647474281,1821.0
0.016744179431075364,1817.0
0.016762138865574195,1816.0
0.016780098300073026,1816.0
0.016798057734571856,1815.0
0.016816017169070687,1815.0
0.016833976603569518,1813.0
0.01685193603806835,1812.0
0.01686989547256718,1807.0
0.01688785490706601,1805.0
0.01690581434156484,1804.0
0.016917787297897394,1803.0
0.016935746732396225,1802.0
0.016953706166895056,1801.0
0.016971665601393886,1801.0
0.016989625035892717,1801.0
0.017007584470391548,1800.0
0.01702554390489038,1800.0
0.01704350333938921,1796.0
0.01706146277388804,1796.0
0.01707942220838687,1794.0
0.017091395164719424,1793.0
0.017109354599218255,1793.0
0.017127314033717086,1791.0
0.017145273468215916,1790.0
0.017163232902714747,1785.0
0.017181192337213578,1785.0
0.01719915177171241,1783.0
0.01721711120621124,1780.0
0.01723507064071007,1777.0
0.0172530300752089,1774.0
0.017265003031541454,1772.0
0.017282962466040285,1771.0
0.017300921900539116,1768.0
0.017318881335037947,1767.0
0.017336840769536777,1766.0
0.017354800204035608,1765.0
0.01737275963853444,1765.0
0.01739071907303327,1763.0
0.0174086785075321,1763.0
0.01742663794203093,1763.0
0.01744459737652976,1759.0
0.017456570332862315,1758.0
0.017474529767361146,1758.0
0.017492489201859977,1757.0
0.017510448636358807,1755.0
0.017528408070857638,1752.0
0.01754636750535647,1750.0
0.0175643269398553,1748.0
0.01758228637435413,1748.0
0.01760024580885296,1746.0
0.01761820524335179,1745.0
0.017630178199684345,1744.0
0.017648137634183176,1742.0
0.017666097068682007,1740.0
0.017684056503180837,1739.0
0.017702015937679668,1738.0
0.0177199753721785,1736.0
0.01773793480667733,1736.0
0.01775589424117616,1732.0
0.01777385367567499,1732.0
0.01779181311017382,1732.0
0.017803786066506375,1730.0
0.017821745501005206,1728.0
0.017839704935504037,1726.0
0.017857664370002867,1724.0
0.017875623804501698,1724.0
0.01789358323900053,1723.0
0.01791154267349936,1723.0
0.01792950210799819,1722.0
0.01794746154249702,1720.0
0.01796542097699585,1718.0
0.017977393933328405,1716.0
0.017995353367827236,1715.0
0.018013312802326067,1714.0
0.018031272236824897,1711.0
0.018049231671323728,1708.0
0.01806719110582256,1706.0
0.01808515054032139,1705.0
0.01810310997482022,1705.0
0.01812106940931905,1705.0
0.01813902884381788,1700.0
0.018151001800150435,1700.0
0.018168961234649266,1699.0
0.018186920669148097,1697.0
0.018204880103646928,1695.0
0.018222839538145758,1695.0
0.01824079897264459,1694.0
0.01825875840714342,1694.0
0.01827671784164225,1691.0
0.01829467727614108,1689.0
0.01831263671063991,1689.0
0.018324609666972465,1689.0
0.018342569101471296,1688.0
0.018360528535970127,1687.0
0.018378487970468958,1685.0
0.01839644740496779,1683.0
0.01841440683946662,1679.0
0.01843236627396545,1676.0
0.01845032570846428,1676.0
0.01846828514296311,1674.0
0.018486244577461942,1674.0
0.018498217533794496,1674.0
0.018516176968293326,1673.0
0.018534136402792157,1671.0
0.018552095837290988,1669.0
0.01857005527178982,1668.0
0.01858801470628865,1666.0
0.01860597414078748,1664.0
0.01862393357528631,1662.0
0.01864189300978514,1660.0
0.018659852444283972,1659.0
0.018677811878782802,1659.0
0.018689784835115356,1657.0
0.018707744269614187,1656.0
0.018725703704113018,1654.0
0.01874366313861185,1653.0
0.01876162257311068,1653.0
0.01877958200760951,1651.0
0.01879754144210834,1651.0
0.01881550087660717,1651.0
0.018833460311106002,1651.0
0.018851419745604833,1651.0
0.018863392701937386,1650.0
0.018881352136436217,1648.0
0.018899311570935048,1646.0
0.01891727100543388,1645.0
0.01893523043993271,1644.0
0.01895318987443154,1642.0
0.01897114930893037,1639.0
0.0189891087434292,1639.0
0.019007068177928032,1639.0
0.019025027612426863,1638.0
0.019037000568759416,1638.0
0.019054960003258247,1638.0
0.019072919437757078,1637.0
0.01909087887225591,1636.0
0.01910883830675474,1633.0
0.01912679774125357,1631.0
0.0191447571757524,1629.0
0.01916271661025123,1628.0
0.019180676044750062,1627.0
0.019198635479248893,1627.0
0.019210608435581446,1627.0
0.019228567870080277,1627.0
0.019246527304579108,1625.0
0.01926448673907794,1624.0
0.01928244617357677,1623.0
0.0193004056080756,1622.0
0.01931836504257443,1621.0
0.01933632447707326,1620.0
0.019354283911572092,1619.0
0.019372243346070923,1617.0
0.019384216302403477,1616.0
0.019402175736902307,1614.0
0.019420135171401138,1614.0
0.01943809460589997,1613.0
0.0194560540403988,1612.0
0.01947401347489763,1612.0
0.01949197290939646,1610.0
0.01950993234389529,1609.0
0.019527891778394122,1608.0
0.019545851212892953,1605.0
0.019557824169225507,1604.0
0.019575783603724337,1602.0
0.019593743038223168,1601.0
0.019611702472722,1600.0
0.01962966190722083,1599.0
0.01964762134171966,1598.0
0.01966558077621849,1594.0
0.01968354021071732,1592.0
0.019701499645216152,1591.0
0.019719459079714983,1591.0
0.019731432036047537,1591.0
0.019749391470546367,1591.0
0.019767350905045198,1590.0
0.01978531033954403,1589.0
0.01980326977404286,1588.0
0.01982122920854169,1588.0
0.01983918864304052,1587.0
0.01985714807753935,1585.0
0.019875107512038182,1584.0
0.019893066946537013,1583.0
0.019911026381035844,1583.0
0.019922999337368397,1581.0
0.019940958771867228,1579.0
0.01995891820636606,1576.0
0.01997687764086489,1575.0
0.01999483707536372,1571.0
0.02001279650986255,1571.0
0.02003075594436138,1570.0
0.020048715378860212,1568.0
0.020066674813359043,1566.0
0.020084634247857874,1564.0
0.020096607204190427,1563.0
0.020114566638689258,1561.0
0.02013252607318809,1559.0
0.02015048550768692,1558.0
0.02016844494218575,1557.0
0.02018640437668458,1557.0
0.02020436381118341,1556.0
0.020222323245682242,1554.0
0.020240282680181073,1552.0
0.020258242114679904,1552.0
0.020270215071012457,1552.0
0.020288174505511288,1551.0
0.02030613394001012,1551.0
0.02032409337450895,1550.0
0.02034205280900778,1549.0
0.02036001224350661,1547.0
0.02037797167800544,1545.0
0.020395931112504272,1544.0
0.020413890547003103,1543.0
0.020431849981501934,1543.0
0.020443822937834488,1543.0
0.020461782372333318,1543.0
0.02047974180683215,1541.0
0.02049770124133098,1540.0
0.02051566067582981,1537.0
0.02053362011032864,1536.0
0.02055157954482747,1535.0
0.020569538979326302,1534.0
0.020587498413825133,1533.0
0.020605457848323964,1531.0
0.020617430804656518,1531.0
0.02063539023915535,1529.0
0.02065334967365418,1525.0
0.02067130910815301,1524.0
0.02068926854265184,1524.0
0.02070722797715067,1523.0
0.020725187411649502,1523.0
0.020743146846148332,1522.0
0.020761106280647163,1522.0
0.020779065715145994,1520.0
0.020791038671478548,1520.0
0.02080899810597738,1519.0
0.02082695754047621,1511.0
0.02084491697497504,1510.0
0.02086287640947387,1507.0
0.0208808358439727,1507.0
0.020898795278471532,1507.0
0.020916754712970363,1505.0
0.020934714147469193,1503.0
0.020952673581968024,1500.0
0.020964646538300578,1498.0
0.02098260597279941,1497.0
0.02100056540729824,1497.0
0.02101852484179707,1495.0
0.0210364842762959,1493.0
0.02105444371079473,1491.0
0.021072403145293562,1489.0
0.021090362579792393,1487.0
0.021108322014291223,1487.0
0.021126281448790054,1486.0
0.021144240883288885,1485.0
0.02115621383962144,1485.0
0.02117417327412027,1485.0
0.0211921327086191,1484.0
0.02121009214311793,1483.0
0.02122805157761676,1479.0
0.021246011012115592,1478.0
0.021263970446614423,1476.0
0.021281929881113253,1476.0
0.021299889315612084,1474.0
0.021317848750110915,1474.0
0.02132982170644347,1473.0
0.0213477811409423,1473.0
0.02136574057544113,1472.0
0.02138370000993996,1472.0
0.02140165944443879,1472.0
0.021419618878937622,1471.0
0.021437578313436453,1471.0
0.021455537747935283,1471.0
0.021473497182434114,1471.0
0.021491456616932945,1468.0
0.0215034295732655,1467.0
0.02152138900776433,1467.0
0.02153934844226316,1466.0
0.02155730787676199,1466.0
0.02157526731126082,1464.0
0.021593226745759652,1462.0
0.021611186180258483,1460.0
0.021629145614757313,1459.0
0.021647105049256144,1458.0
0.021665064483754975,1456.0
0.02167703744008753,1454.0
0.02169499687458636,1453.0
0.02171295630908519,1453.0
0.02173091574358402,1452.0
0.02174887517808285,1450.0
0.021766834612581682,1448.0
0.021784794047080513,1448.0
0.021802753481579343,1446.0
0.021820712916078174,1445.0
0.021838672350577005,1444.0
0.02185064530690956,1444.0
0.02186860474140839,1444.0
0.02188656417590722,1442.0
0.02190452361040605,1441.0
0.02192248304490488,1439.0
0.021940442479403712,1439.0
0.021958401913902543,1436.0
0.021976361348401374,1436.0
0.021994320782900204,1436.0
0.022012280217399035,1434.0
0.02202425317373159,1434.0
0.02204221260823042,1432.0
0.02206017204272925,1431.0
0.02207813147722808,1429.0
0.02209609091172691,1429.0
0.022114050346225742,1429.0
0.022132009780724573,1428.0
0.022149969215223404,1427.0
0.022167928649722234,1426.0
0.022185888084221065,1425.0
0.02219786104055362,1425.0
0.02221582047505245,1423.0
0.02223377990955128,1420.0
0.02225173934405011,1417.0
0.02226969877854894,1417.0
0.022287658213047772,1416.0
0.022305617647546603,1415.0
0.022323577082045434,1411.0
0.022341536516544264,1409.0
0.022359495951043095,1408.0
0.022377455385541926,1407.0
0.02238942834187448,1405.0
0.02240738777637331,1404.0
0.02242534721087214,1404.0
0.02244330664537097,1402.0
0.022461266079869802,1401.0
0.022479225514368633,1399.0
0.022497184948867464,1398.0
0.022515144383366294,1398.0
0.022533103817865125,1398.0
0.022551063252363956,1397.0
0.02256303620869651,1397.0
0.02258099564319534,1397.0
0.02259895507769417,1395.0
0.022616914512193,1394.0
0.022634873946691832,1393.0
0.022652833381190663,1392.0
0.022670792815689494,1391.0
0.022688752250188324,1388.0
0.022706711684687155,1388.0
0.022724671119185986,1388.0
0.02273664407551854,1387.0
0.02275460351001737,1386.0
0.0227725629445162,1384.0
0.02279052237901503,1381.0
0.022808481813513862,1378.0
0.022826441248012693,1378.0
0.022844400682511524,1376.0
0.022862360117010355,1375.0
0.022880319551509185,1375.0
0.022898278986008016,1374.0
0.02291025194234057,1374.0
0.0229282113768394,1372.0
0.02294617081133823,1372.0
0.022964130245837062,1372.0
0.022982089680335892,1370.0
0.023000049114834723,1370.0
0.023018008549333554,1370.0
0.023035967983832385,1370.0
0.023053927418331215,1369.0
0.023071886852830046,1367.0
0.0230838598091626,1366.0
0.02310181924366143,1366.0
0.02311977867816026,1365.0
0.023137738112659092,1365.0
0.023155697547157923,1364.0
0.023173656981656753,1363.0
0.023191616416155584,1361.0
0.023209575850654415,1361.0
0.023227535285153245,1359.0
0.023245494719652076,1359.0
0.02325746767598463,1359.0
0.02327542711048346,1359.0
0.02329338654498229,1358.0
0.023311345979481122,1358.0
0.023329305413979953,1357.0
0.023347264848478783,1356.0
0.023365224282977614,1356.0
0.023383183717476445,1353.0
0.023401143151975275,1353.0
0.023419102586474106,1353.0
0.02343107554280666,1353.0
0.02344903497730549,1350.0
0.02346699441180432,1350.0
0.023484953846303152,1348.0
0.023502913280801983,1347.0
0.023520872715300813,1345.0
0.023538832149799644,1343.0
0.023556791584298475,1343.0
0.023574751018797305,1339.0
0.023592710453296136,1338.0
0.023610669887794967,1337.0
0.02362264284412752,1335.0
0.02364060227862635,1335.0
0.023658561713125182,1334.0
0.023676521147624013,1334.0
0.023694480582122843,1333.0
0.023712440016621674,1333.0
0.023730399451120505,1332.0
0.023748358885619335,1329.0
0.023766318320118166,1329.0
0.023784277754616997,1327.0
0.02379625071094955,1326.0
0.02381421014544838,1326.0
0.023832169579947212,1325.0
0.023850129014446043,1324.0
0.023868088448944873,1324.0
0.023886047883443704,1323.0
0.023904007317942535,1322.0
0.023921966752441366,1319.0
0.023939926186940196,1319.0
0.023957885621439027,1319.0
0.02396985857777158,1318.0
0.02398781801227041,1318.0
0.024005777446769242,1318.0
0.024023736881268073,1317.0
0.024041696315766903,1317.0
0.024059655750265734,1317.0
0.024077615184764565,1316.0
0.024095574619263396,1315.0
0.024113534053762226,1310.0
0.024131493488261057,1307.0
0.02414346644459361,1307.0
0.02416142587909244,1305.0
0.024179385313591272,1305.0
0.024197344748090103,1304.0
0.024215304182588934,1302.0
0.024233263617087764,1300.0
0.024251223051586595,1300.0
0.024269182486085426,1299.0
0.024287141920584256,1299.0
0.024305101355083087,1298.0
0.02431707431141564,1298.0
0.02433503374591447,1297.0
0.024352993180413302,1296.0
0.024370952614912133,1294.0
0.024388912049410964,1292.0
0.024406871483909794,1292.0
0.024424830918408625,1291.0
0.024442790352907456,1291.0
0.024460749787406286,1289.0
0.024478709221905117,1287.0
0.02449068217823767,1287.0
0.0245086416127365,1284.0
0.024526601047235332,1284.0
0.024544560481734163,1282.0
0.024562519916232994,1280.0
0.024580479350731824,1279.0
0.024598438785230655,1279.0
0.024616398219729486,1277.0
0.024634357654228316,1276.0
0.024652317088727147,1276.0
0.0246642900450597,1276.0
0.02468224947955853,1275.0
0.024700208914057362,1273.0
0.024718168348556193,1273.0
0.024736127783055024,1272.0
0.024754087217553854,1271.0
0.024772046652052685,1268.0
0.024790006086551516,1264.0
0.024807965521050346,1262.0
0.024825924955549177,1262.0
0.024843884390048008,1261.0
0.02485585734638056,1261.0
0.024873816780879392,1259.0
0.024891776215378223,1258.0
0.024909735649877054,1258.0
0.024927695084375884,1257.0
0.024945654518874715,1256.0
0.024963613953373546,1254.0
0.024981573387872377,1252.0
0.024999532822371207,1252.0
0.025017492256870038,1251.0
0.025029465213202592,1251.0
0.025047424647701422,1249.0
0.025065384082200253,1248.0
0.025083343516699084,1247.0
0.025101302951197915,1246.0
0.025119262385696745,1245.0
0.025137221820195576,1242.0
0.025155181254694407,1239.0
0.025173140689193237,1239.0
0.025191100123692068,1237.0
0.025203073080024622,1236.0
0.025221032514523452,1236.0
0.025238991949022283,1236.0
0.025256951383521114,1234.0
0.025274910818019945,1234.0
0.025292870252518775,1232.0
0.025310829687017606,1229.0
0.025328789121516437,1229.0
0.025346748556015267,1227.0
0.025364707990514098,1226.0
0.025376680946846652,1226.0
0.025394640381345483,1226.0
0.025412599815844313,1225.0
0.025430559250343144,1224.0
0.025448518684841975,1223.0
0.025466478119340805,1223.0
0.025484437553839636,1222.0
0.025502396988338467,1221.0
0.025520356422837297,1221.0
0.025538315857336128,1220.0
0.025550288813668682,1220.0
0.025568248248167513,1219.0
0.025586207682666343,1218.0
0.025604167117165174,1217.0
0.025622126551664005,1217.0
0.025640085986162835,1217.0
0.025658045420661666,1216.0
0.025676004855160497,1216.0
0.025693964289659327,1214.0
0.025711923724158158,1214.0
0.025723896680490712,1213.0
0.025741856114989543,1212.0
0.025759815549488373,1211.0
0.025777774983987204,1209.0
0.025795734418486035,1206.0
0.025813693852984865,1205.0
0.025831653287483696,1202.0
0.025849612721982527,1199.0
0.025867572156481358,1199.0
0.025885531590980188,1199.0
0.025897504547312742,1198.0
0.025915463981811573,1197.0
0.025933423416310403,1197.0
0.025951382850809234,1196.0
0.025969342285308065,1196.0
0.025987301719806895,1195.0
0.026005261154305726,1193.0
0.026023220588804557,1193.0
0.026041180023303388,1192.0
0.02605913945780222,1192.0
0.02607709889230105,1190.0
0.026089071848633603,1190.0
0.026107031283132433,1189.0
0.026124990717631264,1187.0
0.026142950152130095,1187.0
0.026160909586628926,1186.0
0.026178869021127756,1185.0
0.026196828455626587,1184.0
0.026214787890125418,1184.0
0.02623274732462425,1183.0
0.02625070675912308,1183.0
0.026262679715455633,1182.0
0.026280639149954464,1182.0
0.026298598584453294,1180.0
0.026316558018952125,1177.0
0.026334517453450956,1175.0
0.026352476887949786,1175.0
0.026370436322448617,1174.0
0.026388395756947448,1173.0
0.02640635519144628,1172.0
0.02642431462594511,1170.0
0.026436287582277663,1170.0
0.026454247016776494,1170.0
0.026472206451275324,1170.0
0.026490165885774155,1168.0
0.026508125320272986,1168.0
0.026526084754771816,1168.0
0.026544044189270647,1166.0
0.026562003623769478,1165.0
0.02657996305826831,1164.0
0.02659792249276714,1162.0
0.026609895449099693,1162.0
0.026627854883598524,1162.0
0.026645814318097354,1162.0
0.026663773752596185,1162.0
0.026681733187095016,1160.0
0.026699692621593846,1158.0
0.026717652056092677,1158.0
0.026735611490591508,1157.0
0.02675357092509034,1156.0
0.02677153035958917,1156.0
0.026783503315921723,1154.0
0.026801462750420554,1152.0
0.026819422184919384,1152.0
0.026837381619418215,1152.0
0.026855341053917046,1152.0
0.026873300488415876,1151.0
0.026891259922914707,1151.0
0.026909219357413538,1147.0
0.02692717879191237,1146.0
0.0269451382264112,1146.0
0.026957111182743753,1145.0
0.026975070617242584,1144.0
0.026993030051741414,1143.0
0.027010989486240245,1142.0
0.027028948920739076,1141.0
0.027046908355237907,1139.0
0.027064867789736737,1139.0
0.027082827224235568,1138.0
0.0271007866587344,1137.0
0.02711874609323323,1137.0
0.027130719049565783,1137.0
0.027148678484064614,1136.0
0.027166637918563444,1136.0
0.027184597353062275,1136.0
0.027202556787561106,1136.0
0.027220516222059937,1136.0
0.027238475656558767,1136.0
0.027256435091057598,1135.0
0.02727439452555643,1135.0
0.02729235396005526,1135.0
0.02731031339455409,1133.0
0.027322286350886644,1133.0
0.027340245785385475,1132.0
0.027358205219884305,1132.0
0.027376164654383136,1130.0
0.027394124088881967,1128.0
0.027412083523380797,1127.0
0.027430042957879628,1125.0
0.02744800239237846,1125.0
0.02746596182687729,1125.0
0.02748392126137612,1125.0
0.027495894217708674,1124.0
0.027513853652207505,1124.0
0.027531813086706335,1124.0
0.027549772521205166,1124.0
0.027567731955703997,1124.0
0.027585691390202827,1122.0
0.027603650824701658,1121.0
0.02762161025920049,1121.0
0.02763956969369932,1121.0
0.02765752912819815,1120.0
0.027669502084530704,1120.0
0.027687461519029535,1118.0
0.027705420953528365,1117.0
0.027723380388027196,1117.0
0.027741339822526027,1117.0
0.027759299257024857,1117.0
0.027777258691523688,1116.0
0.02779521812602252,1116.0
0.02781317756052135,1116.0
0.02783113699502018,1115.0
0.027843109951352734,1115.0
0.027861069385851565,1111.0
0.027879028820350395,1111.0
0.027896988254849226,1111.0
0.027914947689348057,1111.0
0.027932907123846887,1110.0
0.027950866558345718,1108.0
0.02796882599284455,1108.0
0.02798678542734338,1108.0
0.02800474486184221,1107.0
0.028016717818174764,1106.0
0.028034677252673595,1103.0
0.028052636687172425,1103.0
0.028070596121671256,1102.0
0.028088555556170087,1102.0
0.028106514990668918,1101.0
0.028124474425167748,1099.0
0.02814243385966658,1097.0
0.02816039329416541,1097.0
0.02817835272866424,1095.0
0.028190325684996794,1095.0
0.028208285119495625,1094.0
0.028226244553994456,1093.0
0.028244203988493286,1092.0
0.028262163422992117,1092.0
0.028280122857490948,1091.0
0.02829808229198978,1090.0
0.02831604172648861,1090.0
0.02833400116098744,1089.0
0.02835196059548627,1087.0
0.028363933551818824,1085.0
0.028381892986317655,1084.0
0.028399852420816486,1084.0
0.028417811855315316,1082.0
0.028435771289814147,1082.0
0.028453730724312978,1080.0
0.02847169015881181,1079.0
0.02848964959331064,1077.0
0.02850760902780947,1076.0
0.0285255684623083,1073.0
0.02854352789680713,1073.0
0.028555500853139685,1070.0
0.028573460287638516,1070.0
0.028591419722137346,1069.0
0.028609379156636177,1067.0
0.028627338591135008,1067.0
0.02864529802563384,1067.0
0.02866325746013267,1065.0
0.0286812168946315,1063.0
0.02869917632913033,1061.0
0.02871713576362916,1059.0
0.028729108719961715,1058.0
0.028747068154460546,1057.0
0.028765027588959376,1057.0
0.028782987023458207,1057.0
0.028800946457957038,1055.0
0.02881890589245587,1053.0
0.0288368653269547,1053.0
0.02885482476145353,1053.0
0.02887278419595236,1050.0
0.02889074363045119,1050.0
0.028902716586783745,1050.0
0.028920676021282576,1049.0
0.028938635455781406,1048.0
0.028956594890280237,1046.0
0.028974554324779068,1045.0
0.0289925137592779,1045.0
0.02901047319377673,1045.0
0.02902843262827556,1042.0
0.02904639206277439,1042.0
0.02906435149727322,1042.0
0.029076324453605775,1042.0
0.029094283888104606,1042.0
0.029112243322603436,1042.0
0.029130202757102267,1042.0
0.029148162191601098,1042.0
0.02916612162609993,1041.0
0.02918408106059876,1038.0
0.02920204049509759,1036.0
0.02921999992959642,1034.0
0.02923795936409525,1031.0
0.029249932320427805,1030.0
0.029267891754926636,1029.0
0.029285851189425467,1029.0
0.029303810623924297,1027.0
0.029321770058423128,1027.0
0.02933972949292196,1026.0
0.02935768892742079,1026.0
0.02937564836191962,1024.0
0.02939360779641845,1024.0
0.02941156723091728,1023.0
0.029423540187249835,1022.0
0.029441499621748666,1018.0
0.029459459056247497,1018.0
0.029477418490746327,1018.0
0.029495377925245158,1016.0
0.02951333735974399,1015.0
0.02953129679424282,1014.0
0.02954925622874165,1014.0
0.02956721566324048,1011.0
0.02958517509773931,1010.0
0.029597148054071865,1009.0
0.029615107488570696,1008.0
0.029633066923069527,1005.0
0.029651026357568357,1004.0
0.029668985792067188,1003.0
0.02968694522656602,1002.0
0.02970490466106485,1002.0
0.02972286409556368,1002.0
0.02974082353006251,1002.0
0.02975878296456134,1000.0
0.029776742399060172,999.0
0.029788715355392726,998.0
0.029806674789891557,998.0
0.029824634224390387,997.0
0.029842593658889218,995.0
0.02986055309338805,994.0
0.02987851252788688,994.0
0.02989647196238571,994.0
0.02991443139688454,993.0
0.02993239083138337,993.0
0.029950350265882202,992.0
0.029962323222214756,992.0
0.029980282656713587,992.0
0.029998242091212417,992.0
0.030016201525711248,992.0
0.03003416096021008,992.0
0.03005212039470891,990.0
0.03007007982920774,990.0
0.03008803926370657,990.0
0.0301059986982054,990.0
0.030123958132704232,988.0
0.030135931089036786,986.0
0.030153890523535617,986.0
0.030171849958034447,985.0
0.030189809392533278,985.0
0.03020776882703211,984.0
0.03022572826153094,982.0
0.03024368769602977,982.0
0.0302616471305286,982.0
0.03027960656502743,981.0
0.030297565999526262,980.0
0.030309538955858816,980.0
0.030327498390357647,979.0
0.030345457824856478,979.0
0.030363417259355308,979.0
0.03038137669385414,978.0
0.03039933612835297,977.0
0.0304172955628518,976.0
0.03043525499735063,976.0
0.03045321443184946,976.0
0.030471173866348292,976.0
0.030483146822680846,976.0
0.030501106257179677,975.0
0.030519065691678508,975.0
0.03053702512617734,975.0
0.03055498456067617,974.0
0.030572943995175,974.0
0.03059090342967383,973.0
0.03060886286417266,973.0
0.030626822298671492,973.0
0.030644781733170322,972.0
0.030656754689502876,972.0
0.030674714124001707,972.0
0.030692673558500538,971.0
0.03071063299299937,970.0
0.0307285924274982,969.0
0.03074655186199703,969.0
0.03076451129649586,969.0
0.03078247073099469,967.0
0.030800430165493522,967.0
0.030818389599992353,966.0
0.030830362556324906,966.0
0.030848321990823737,966.0
0.030866281425322568,964.0
0.0308842408598214,963.0
0.03090220029432023,962.0
0.03092015972881906,960.0
0.03093811916331789,960.0
0.03095607859781672,960.0
0.030974038032315552,960.0
0.030991997466814383,960.0
0.031009956901313213,960.0
0.031021929857645767,960.0
0.031039889292144598,958.0
0.03105784872664343,958.0
0.03107580816114226,958.0
0.03109376759564109,958.0
0.03111172703013992,956.0
0.03112968646463875,956.0
0.031147645899137582,956.0
0.031165605333636413,955.0
0.031183564768135243,955.0
0.031195537724467797,952.0
0.031213497158966628,951.0
0.03123145659346546,951.0
0.03124941602796429,951.0
0.031267375462463116,951.0
0.03128533489696195,951.0
0.03130329433146078,951.0
0.03132125376595961,948.0
0.03133921320045844,947.0
0.03135717263495727,947.0
0.031369145591289824,946.0
0.031387105025788654,946.0
0.031405064460287485,945.0
0.031423023894786316,943.0
0.031440983329285146,943.0
0.03145894276378398,943.0
0.03147690219828281,943.0
0.03149486163278164,942.0
0.03151282106728047,941.0
0.0315307805017793,941.0
0.031542753458111854,941.0
0.031560712892610684,938.0
0.031578672327109515,937.0
0.031596631761608346,937.0
0.03161459119610718,936.0
0.03163255063060601,935.0
0.03165051006510484,934.0
0.03166846949960367,933.0
0.0316864289341025,930.0
0.03170438836860133,929.0
0.031716361324933884,928.0
0.031734320759432715,928.0
0.031752280193931545,928.0
0.031770239628430376,927.0
0.03178819906292921,927.0
0.03180615849742804,927.0
0.03182411793192687,927.0
0.0318420773664257,925.0
0.03186003680092453,923.0
0.03187799623542336,923.0
0.031889969191755914,922.0
0.031907928626254745,921.0
0.031925888060753575,919.0
0.031943847495252406,919.0
0.03196180692975124,919.0
0.03197976636425007,918.0
0.0319977257987489,915.0
0.03201568523324773,915.0
0.03203364466774656,915.0
0.03205160410224539,913.0
0.032063577058577944,912.0
0.032081536493076775,911.0
0.032099495927575605,911.0
0.032117455362074436,910.0
0.03213541479657327,910.0
0.0321533742310721,910.0
0.03217133366557093,910.0
0.03218929310006976,910.0
0.03220725253456859,909.0
0.03222521196906742,909.0
0.03224317140356625,909.0
0.032255144359898805,907.0
0.032273103794397635,907.0
0.032291063228896466,907.0
0.0323090226633953,906.0
0.03232698209789413,906.0
0.03234494153239296,906.0
0.03236290096689179,905.0
0.03238086040139062,904.0
0.03239881983588945,902.0
0.03241677927038828,901.0
0.032428752226720835,901.0
0.032446711661219665,900.0
0.032464671095718496,900.0
0.03248263053021733,898.0
0.03250058996471616,898.0
0.03251854939921499,897.0
0.03253650883371382,897.0
0.03255446826821265,897.0
0.03257242770271148,895.0
0.03259038713721031,894.0
0.032602360093542865,893.0
0.032620319528041695,892.0
0.032638278962540526,891.0
0.03265623839703936,891.0
0.03267419783153819,891.0
0.03269215726603702,890.0
0.03271011670053585,890.0
0.03272807613503468,890.0
0.03274603556953351,889.0
0.03276399500403234,888.0
0.032775967960364895,888.0
0.032793927394863726,887.0
0.032811886829362556,887.0
0.03282984626386139,886.0
0.03284780569836022,886.0
0.03286576513285905,886.0
0.03288372456735788,885.0
0.03290168400185671,883.0
0.03291964343635554,883.0
0.03293760287085437,881.0
0.032949575827186925,879.0
0.032967535261685756,879.0
0.032985494696184586,879.0
0.03300345413068342,877.0
0.03302141356518225,877.0
0.03303937299968108,874.0
0.03305733243417991,872.0
0.03307529186867874,872.0
0.03309325130317757,870.0
0.0331112107376764,870.0
0.033123183694008955,869.0
0.033141143128507786,866.0
0.033159102563006616,866.0
0.03317706199750545,866.0
0.03319502143200428,864.0
0.03321298086650311,863.0
0.03323094030100194,863.0
0.03324889973550077,863.0
0.0332668591699996,863.0
0.03328481860449843,863.0
0.033296791560830985,863.0
0.033314750995329816,862.0
0.033332710429828646,862.0
0.03335066986432748,861.0
0.03336862929882631,861.0
0.03338658873332514,860.0
0.03340454816782397,860.0
0.0334225076023228,860.0
0.03344046703682163,859.0
0.03345842647132046,859.0
0.03347638590581929,859.0
0.033488358862151846,859.0
0.033506318296650676,859.0
0.03352427773114951,859.0
0.03354223716564834,859.0
0.03356019660014717,859.0
0.033578156034646,858.0
0.03359611546914483,857.0
0.03361407490364366,857.0
0.03363203433814249,856.0
0.03364999377264132,856.0
0.033661966728973876,856.0
0.033679926163472707,855.0
0.03369788559797154,855.0
0.03371584503247037,855.0
0.0337338044669692,852.0
0.03375176390146803,851.0
0.03376972333596686,850.0
0.03378768277046569,848.0
0.03380564220496452,848.0
0.03382360163946335,848.0
0.033835574595795906,848.0
0.03385353403029474,847.0
0.03387149346479357,846.0
0.0338894528992924,844.0
0.03390741233379123,844.0
0.03392537176829006,844.0
0.03394333120278889,842.0
0.03396129063728772,842.0
0.03397925007178655,842.0
0.03399720950628538,841.0
0.034009182462617936,840.0
0.03402714189711677,838.0
0.0340451013316156,838.0
0.03406306076611443,838.0
0.03408102020061326,837.0
0.03409897963511209,837.0
0.03411693906961092,837.0
0.03413489850410975,835.0
0.03415285793860858,834.0
0.03417081737310741,834.0
0.034182790329439966,833.0
0.0342007497639388,833.0
0.03421870919843763,830.0
0.03423666863293646,829.0
0.03425462806743529,829.0
0.03427258750193412,828.0
0.03429054693643295,827.0
0.03430850637093178,827.0
0.03432646580543061,826.0
0.03434442523992944,825.0
0.034356398196261996,824.0
0.03437435763076083,823.0
0.03439231706525966,822.0
0.03441027649975849,822.0
0.03442823593425732,822.0
0.03444619536875615,822.0
0.03446415480325498,822.0
0.03448211423775381,820.0
0.03450007367225264,819.0
0.03451803310675147,819.0
0.034530006063084026,818.0
0.03454796549758286,818.0
0.03456592493208169,816.0
0.03458388436658052,814.0
0.03460184380107935,814.0
0.03461980323557818,814.0
0.03463776267007701,812.0
0.03465572210457584,812.0
0.03467368153907467,812.0
0.0346916409735735,812.0
0.03470960040807233,811.0
0.03472157336440489,810.0
0.03473953279890372,809.0
0.03475749223340255,808.0
0.03477545166790138,807.0
0.03479341110240021,805.0
0.03481137053689904,805.0
0.03482932997139787,804.0
0.0348472894058967,804.0
0.03486524884039553,803.0
0.03488320827489436,803.0
0.03489518123122692,801.0
0.03491314066572575,800.0
0.03493110010022458,799.0
0.03494905953472341,799.0
0.03496701896922224,799.0
0.03498497840372107,799.0
0.0350029378382199,798.0
0.03502089727271873,798.0
0.03503885670721756,798.0
0.03505681614171639,798.0
0.03506878909804895,798.0
0.03508674853254778,798.0
0.03510470796704661,797.0
0.03512266740154544,797.0
0.03514062683604427,795.0
0.0351585862705431,795.0
0.03517654570504193,795.0
0.03519450513954076,795.0
0.03521246457403959,794.0
0.03523042400853842,793.0
0.03524239696487098,792.0
0.03526035639936981,792.0
0.03527831583386864,791.0
0.03529627526836747,791.0
0.0353142347028663,789.0
0.03533219413736513,789.0
0.03535015357186396,788.0
0.03536811300636279,788.0
0.03538607244086162,787.0
0.03540403187536045,786.0
0.03541600483169301,785.0
0.03543396426619184,784.0
0.03545192370069067,782.0
0.0354698831351895,781.0
0.03548784256968833,781.0
0.03550580200418716,780.0
0.03552376143868599,780.0
0.03554172087318482,779.0
0.03555968030768365,779.0
0.03557763974218248,779.0
0.03558961269851504,779.0
0.03560757213301387,778.0
0.0356255315675127,778.0
0.03564349100201153,778.0
0.03566145043651036,778.0
0.03567940987100919,777.0
0.03569736930550802,776.0
0.03571532874000685,775.0
0.03573328817450568,774.0
0.03575124760900451,774.0
0.03576322056533707,774.0
0.0357811799998359,774.0
0.03579913943433473,773.0
0.03581709886883356,772.0
0.03583505830333239,770.0
0.03585301773783122,770.0
0.03587097717233005,769.0
0.03588893660682888,769.0
0.03590689604132771,769.0
0.03592485547582654,767.0
0.035942814910325374,766.0
0.03595478786665793,764.0
0.03597274730115676,764.0
0.03599070673565559,764.0
0.03600866617015442,764.0
0.03602662560465325,762.0
0.03604458503915208,762.0
0.03606254447365091,760.0
0.03608050390814974,760.0
0.036098463342648573,760.0
0.036116422777147404,758.0
0.03612839573347996,758.0
0.03614635516797879,758.0
0.03616431460247762,758.0
0.03618227403697645,758.0
0.03620023347147528,758.0
0.03621819290597411,757.0
0.03623615234047294,757.0
0.03625411177497177,755.0
0.036272071209470604,755.0
0.036290030643969434,755.0
0.03630200360030199,754.0
0.03631996303480082,753.0
0.03633792246929965,752.0
0.03635588190379848,751.0
0.03637384133829731,751.0
0.03639180077279614,750.0
0.03640976020729497,749.0
0.0364277196417938,749.0
0.036445679076292634,748.0
0.036463638510791464,748.0
0.03647561146712402,748.0
0.03649357090162285,745.0
0.03651153033612168,745.0
0.03652948977062051,745.0
0.03654744920511934,744.0
0.03656540863961817,744.0
0.036583368074117,744.0
0.03660132750861583,743.0
0.036619286943114664,742.0
0.036637246377613494,742.0
0.03664921933394605,742.0
0.03666717876844488,740.0
0.03668513820294371,740.0
0.03670309763744254,740.0
0.03672105707194137,739.0
0.0367390165064402,739.0
0.03675697594093903,739.0
0.03677493537543786,738.0
0.036792894809936694,737.0
0.036810854244435524,737.0
0.03682282720076808,737.0
0.03684078663526691,737.0
0.03685874606976574,736.0
0.03687670550426457,736.0
0.0368946649387634,736.0
0.03691262437326223,736.0
0.03693058380776106,736.0
0.03694854324225989,735.0
0.036966502676758724,735.0
0.036984462111257554,735.0
0.03699643506759011,734.0
0.03701439450208894,730.0
0.03703235393658777,729.0
0.0370503133710866,727.0
0.03706827280558543,727.0
0.03708623224008426,726.0
0.03710419167458309,725.0
0.03712215110908192,725.0
0.037140110543580754,725.0
0.037158069978079585,723.0
0.037176029412578415,721.0
0.03718800236891097,721.0
0.0372059618034098,721.0
0.03722392123790863,720.0
0.03724188067240746,720.0
0.03725984010690629,720.0
0.03727779954140512,720.0
0.03729575897590395,719.0
0.037313718410402784,719.0
0.037331677844901615,719.0
0.037349637279400445,719.0
0.037361610235733,719.0
0.03737956967023183,719.0
0.03739752910473066,718.0
0.03741548853922949,717.0
0.03743344797372832,717.0
0.03745140740822715,716.0
0.03746936684272598,716.0
0.037487326277224814,715.0
0.037505285711723645,714.0
0.037523245146222475,713.0
0.03753521810255503,712.0
0.03755317753705386,711.0
0.03757113697155269,711.0
0.03758909640605152,709.0
0.03760705584055035,709.0
0.03762501527504918,709.0
0.03764297470954801,708.0
0.037660934144046844,708.0
0.037678893578545675,708.0
0.037696853013044505,707.0
0.03770882596937706,707.0
0.03772678540387589,707.0
0.03774474483837472,707.0
0.03776270427287355,706.0
0.03778066370737238,706.0
0.03779862314187121,706.0
0.03781658257637004,705.0
0.037834542010868874,705.0
0.037852501445367705,705.0
0.037870460879866535,704.0
0.03788243383619909,703.0
0.03790039327069792,703.0
0.03791835270519675,700.0
0.03793631213969558,699.0
0.03795427157419441,699.0
0.03797223100869324,697.0
0.03799019044319207,696.0
0.038008149877690904,696.0
0.038026109312189735,695.0
0.038044068746688565,695.0
0.03805604170302112,695.0
0.03807400113751995,694.0
0.03809196057201878,694.0
0.03810992000651761,693.0
0.03812787944101644,692.0
0.03814583887551527,692.0
0.0381637983100141,691.0
0.038181757744512934,691.0
0.038199717179011765,689.0
0.038217676613510596,689.0
0.03822964956984315,689.0
0.03824760900434198,688.0
0.03826556843884081,688.0
0.03828352787333964,688.0
0.03830148730783847,688.0
0.0383194467423373,688.0
0.038337406176836133,688.0
0.038355365611334964,688.0
0.038373325045833795,688.0
0.038391284480332626,687.0
0.038409243914831456,687.0
0.03842121687116401,687.0
0.03843917630566284,686.0
0.03845713574016167,685.0
0.0384750951746605,685.0
0.03849305460915933,685.0
0.038511014043658164,685.0
0.038528973478156994,685.0
0.038546932912655825,684.0
0.038564892347154656,683.0
0.038582851781653486,683.0
0.03859482473798604,682.0
0.03861278417248487,681.0
0.0386307436069837,681.0
0.03864870304148253,679.0
0.03866666247598136,679.0
0.038684621910480194,679.0
0.038702581344979024,679.0
0.038720540779477855,679.0
0.038738500213976686,679.0
0.038756459648475516,679.0
0.03876843260480807,678.0
0.0387863920393069,677.0
0.03880435147380573,677.0
0.03882231090830456,677.0
0.03884027034280339,677.0
0.038858229777302224,677.0
0.038876189211801054,676.0
0.038894148646299885,674.0
0.038912108080798716,674.0
0.038930067515297546,674.0
0.0389420404716301,674.0
0.03895999990612893,674.0
0.03897795934062776,673.0
0.03899591877512659,672.0
0.03901387820962542,671.0
0.039031837644124254,671.0
0.039049797078623084,670.0
0.039067756513121915,668.0
0.039085715947620746,668.0
0.039103675382119576,667.0
0.03911564833845213,666.0
0.03913360777295096,666.0
0.03915156720744979,666.0
0.03916952664194862,666.0
0.03918748607644745,666.0
0.039205445510946284,666.0
0.039223404945445114,666.0
0.039241364379943945,666.0
0.039259323814442776,665.0
0.03927728324894161,665.0
0.03928925620527416,664.0
0.03930721563977299,664.0
0.03932517507427182,664.0
0.03934313450877065,664.0
0.03936109394326948,664.0
0.039379053377768314,664.0
0.039397012812267145,664.0
0.039414972246765975,663.0
0.039432931681264806,662.0
0.03945089111576364,662.0
0.03946286407209619,661.0
0.03948082350659502,661.0
0.03949878294109385,659.0
0.03951674237559268,659.0
0.03953470181009151,659.0
0.039552661244590344,659.0
0.039570620679089175,659.0
0.039588580113588005,659.0
0.039606539548086836,659.0
0.03962449898258567,659.0
0.0396424584170845,659.0
0.03965443137341705,658.0
0.03967239080791588,657.0
0.03969035024241471,657.0
0.03970830967691354,656.0
0.039726269111412374,655.0
0.039744228545911205,654.0
0.039762187980410035,653.0
0.039780147414908866,652.0
0.0397981068494077,651.0
0.03981606628390653,650.0
0.03982803924023908,649.0
0.03984599867473791,649.0
0.03986395810923674,649.0
0.03988191754373557,649.0
0.039899876978234404,648.0
0.039917836412733235,648.0
0.039935795847232065,647.0
0.039953755281730896,647.0
0.03997171471622973,646.0
0.03998967415072856,645.0
0.04000164710706111,643.0
0.04001960654155994,642.0
0.04003756597605877,642.0
0.0400555254105576,641.0
0.040073484845056434,641.0
0.040091444279555265,641.0
0.040109403714054095,641.0
0.040127363148552926,640.0
0.04014532258305176,639.0
0.04016328201755059,639.0
0.04017525497388314,639.0
0.04019321440838197,638.0
0.0402111738428808,638.0
0.04022913327737963,637.0
0.040247092711878464,637.0
0.040265052146377295,636.0
0.040283011580876125,636.0
0.040300971015374956,636.0
0.04031893044987379,636.0
0.04033688988437262,635.0
0.04034886284070517,635.0
0.040366822275204,635.0
0.04038478170970283,635.0
0.04040274114420166,634.0
0.040420700578700494,634.0
0.040438660013199325,634.0
0.040456619447698156,634.0
0.040474578882196986,634.0
0.04049253831669582,634.0
0.04051049775119465,634.0
0.0405224707075272,634.0
0.04054043014202603,633.0
0.04055838957652486,632.0
0.040576349011023694,632.0
0.040594308445522524,632.0
0.040612267880021355,631.0
0.040630227314520186,630.0
0.040648186749019016,629.0
0.04066614618351785,629.0
0.04068410561801668,629.0
0.04069607857434923,628.0
0.04071403800884806,628.0
0.04073199744334689,628.0
0.040749956877845724,628.0
0.040767916312344554,628.0
0.040785875746843385,628.0
0.040803835181342216,628.0
0.040821794615841046,628.0
0.04083975405033988,628.0
0.04085771348483871,628.0
0.04087567291933754,628.0
0.04088764587567009,627.0
0.04090560531016892,626.0
0.040923564744667754,625.0
0.040941524179166584,624.0
0.040959483613665415,623.0
0.040977443048164246,623.0
0.040995402482663076,622.0
0.04101336191716191,622.0
0.04103132135166074,621.0
0.04104928078615957,619.0
0.04106125374249212,619.0
0.04107921317699095,618.0
0.041097172611489784,617.0
0.041115132045988614,616.0
0.041133091480487445,616.0
0.041151050914986276,616.0
0.041169010349485106,616.0
0.04118696978398394,616.0
0.04120492921848277,616.0
0.0412228886529816,614.0
0.04123486160931415,614.0
0.04125282104381298,614.0
0.041270780478311814,613.0
0.041288739912810644,613.0
0.041306699347309475,613.0
0.041324658781808306,612.0
0.041342618216307137,611.0
0.04136057765080597,611.0
0.0413785370853048,610.0
0.04139649651980363,609.0
0.04140846947613618,609.0
0.04142642891063501,609.0
0.041444388345133844,608.0
0.041462347779632674,608.0
0.041480307214131505,607.0
0.041498266648630336,606.0
0.04151622608312917,606.0
0.041534185517628,605.0
0.04155214495212683,605.0
0.04157010438662566,605.0
0.04158207734295821,605.0
0.04160003677745704,605.0
0.041617996211955874,604.0
0.041635955646454705,604.0
0.041653915080953535,604.0
0.041671874515452366,604.0
0.0416898339499512,604.0
0.04170779338445003,603.0
0.04172575281894886,603.0
0.04174371225344769,603.0
0.04175568520978024,603.0
0.04177364464427907,602.0
0.041791604078777904,601.0
0.041809563513276735,601.0
0.041827522947775565,601.0
0.041845482382274396,601.0
0.04186344181677323,601.0
0.04188140125127206,600.0
0.04189936068577089,599.0
0.04191732012026972,599.0
0.04192929307660227,598.0
0.0419472525111011,597.0
0.041965211945599934,597.0
0.041983171380098765,596.0
0.042001130814597595,596.0
0.042019090249096426,595.0
0.04203704968359526,593.0
0.04205500911809409,593.0
0.04207296855259292,593.0
0.04209092798709175,593.0
0.04210888742159058,592.0
0.04212086037792313,592.0
0.042138819812421964,589.0
0.042156779246920795,588.0
0.042174738681419625,585.0
0.042192698115918456,584.0
0.04221065755041729,582.0
0.04222861698491612,581.0
0.04224657641941495,580.0
0.04226453585391378,580.0
0.04228249528841261,580.0
0.04229446824474516,579.0
0.042312427679243994,579.0
0.042330387113742825,579.0
0.042348346548241655,579.0
0.042366305982740486,579.0
0.04238426541723932,578.0
0.04240222485173815,577.0
0.04242018428623698,577.0
0.04243814372073581,577.0
0.04245610315523464,574.0
0.04246807611156719,574.0
0.042486035546066024,574.0
0.042503994980564855,572.0
0.042521954415063686,571.0
0.042539913849562516,571.0
0.04255787328406135,571.0
0.04257583271856018,571.0
0.04259379215305901,569.0
0.04261175158755784,568.0
0.04262971102205667,568.0
0.042641683978389223,567.0
0.042659643412888054,566.0
0.042677602847386885,566.0
0.042695562281885716,565.0
0.042713521716384546,565.0
0.04273148115088338,565.0
0.04274944058538221,564.0
0.04276740001988104,564.0
0.04278535945437987,563.0
0.0428033188888787,563.0
0.042815291845211254,562.0
0.042833251279710084,562.0
0.042851210714208915,562.0
0.042869170148707746,562.0
0.042887129583206576,562.0
0.04290508901770541,562.0
0.04292304845220424,562.0
0.04294100788670307,561.0
0.0429589673212019,560.0
0.04297692675570073,560.0
0.042988899712033284,560.0
0.043006859146532114,560.0
0.043024818581030945,560.0
0.043042778015529776,559.0
0.043060737450028606,559.0
0.04307869688452744,559.0
0.04309665631902627,559.0
0.0431146157535251,558.0
0.04313257518802393,556.0
0.04315053462252276,556.0
0.043162507578855314,556.0
0.043180467013354144,556.0
0.043198426447852975,555.0
0.043216385882351806,555.0
0.043234345316850636,555.0
0.04325230475134947,555.0
0.0432702641858483,554.0
0.04328822362034713,554.0
0.04330618305484596,554.0
0.04332414248934479,554.0
0.04334210192384362,552.0
0.043354074880176174,552.0
0.043372034314675005,552.0
0.043389993749173836,552.0
0.043407953183672666,552.0
0.0434259126181715,552.0
0.04344387205267033,552.0
0.04346183148716916,552.0
0.04347979092166799,552.0
0.04349775035616682,552.0
0.04351570979066565,550.0
0.043527682746998204,550.0
0.043545642181497035,549.0
0.043563601615995866,549.0
0.043581561050494697,548.0
0.04359952048499353,548.0
0.04361747991949236,548.0
0.04363543935399119,548.0
0.04365339878849002,547.0
0.04367135822298885,545.0
0.04368931765748768,545.0
0.043701290613820234,545.0
0.043719250048319065,544.0
0.043737209482817896,544.0
0.04375516891731673,543.0
0.04377312835181556,543.0
0.04379108778631439,542.0
0.04380904722081322,542.0
0.04382700665531205,542.0
0.04384496608981088,542.0
0.04386292552430971,541.0
0.043874898480642265,541.0
0.043892857915141095,541.0
0.043910817349639926,541.0
0.04392877678413876,540.0
0.04394673621863759,540.0
0.04396469565313642,539.0
0.04398265508763525,538.0
0.04400061452213408,538.0
0.04401857395663291,538.0
0.04403653339113174,538.0
0.044048506347464295,538.0
0.044066465781963125,537.0
0.044084425216461956,536.0
0.04410238465096079,535.0
0.04412034408545962,534.0
0.04413830351995845,534.0
0.04415626295445728,534.0
0.04417422238895611,534.0
0.04419218182345494,534.0
0.04421014125795377,533.0
0.044222114214286325,533.0
0.044240073648785155,533.0
0.044258033083283986,533.0
0.04427599251778282,533.0
0.04429395195228165,532.0
0.04431191138678048,531.0
0.04432987082127931,530.0
0.04434783025577814,530.0
0.04436578969027697,529.0
0.0443837491247758,529.0
0.044395722081108355,527.0
0.044413681515607185,526.0
0.044431640950106016,525.0
0.04444960038460485,525.0
0.04446755981910368,525.0
0.04448551925360251,525.0
0.04450347868810134,525.0
0.04452143812260017,525.0
0.044539397557099,525.0
0.04455735699159783,525.0
0.04457531642609666,525.0
0.044587289382429215,525.0
0.044605248816928046,525.0
0.04462320825142688,525.0
0.04464116768592571,525.0
0.04465912712042454,524.0
0.04467708655492337,524.0
0.0446950459894222,523.0
0.04471300542392103,523.0
0.04473096485841986,523.0
0.04474892429291869,523.0
0.044760897249251246,523.0
0.044778856683750076,523.0
0.04479681611824891,523.0
0.04481477555274774,523.0
0.04483273498724657,523.0
0.0448506944217454,523.0
0.04486865385624423,523.0
0.04488661329074306,522.0
0.04490457272524189,522.0
0.04492253215974072,521.0
0.044934505116073276,520.0
0.044952464550572106,519.0
0.04497042398507094,518.0
0.04498838341956977,517.0
0.0450063428540686,517.0
0.04502430228856743,516.0
0.04504226172306626,515.0
0.04506022115756509,515.0
0.04507818059206392,515.0
0.04509614002656275,515.0
0.045108112982895306,515.0
0.045126072417394136,515.0
0.04514403185189297,514.0
0.0451619912863918,514.0
0.04517995072089063,514.0
0.04519791015538946,514.0
0.04521586958988829,513.0
0.04523382902438712,513.0
0.04525178845888595,513.0
0.04526974789338478,513.0
0.045281720849717336,513.0
0.045299680284216166,513.0
0.045317639718715,512.0
0.04533559915321383,512.0
0.04535355858771266,511.0
0.04537151802221149,510.0
0.04538947745671032,510.0
0.04540743689120915,510.0
0.04542539632570798,510.0
0.04544335576020681,510.0
0.045455328716539366,510.0
0.045473288151038196,510.0
0.04549124758553703,510.0
0.04550920702003586,510.0
0.04552716645453469,510.0
0.04554512588903352,510.0
0.04556308532353235,510.0
0.04558104475803118,510.0
0.04559900419253001,510.0
0.04561696362702884,509.0
0.045628936583361396,508.0
0.045646896017860226,506.0
0.04566485545235906,506.0
0.04568281488685789,505.0
0.04570077432135672,505.0
0.04571873375585555,505.0
0.04573669319035438,504.0
0.04575465262485321,504.0
0.04577261205935204,504.0
0.04579057149385087,503.0
0.0458085309283497,503.0
0.04582050388468226,503.0
0.04583846331918109,502.0
0.04585642275367992,500.0
0.04587438218817875,500.0
0.04589234162267758,499.0
0.04591030105717641,499.0
0.04592826049167524,498.0
0.04594621992617407,497.0
0.0459641793606729,497.0
0.04598213879517173,497.0
0.04599411175150429,497.0
0.04601207118600312,497.0
0.04603003062050195,497.0
0.04604799005500078,497.0
0.04606594948949961,497.0
0.04608390892399844,497.0
0.04610186835849727,497.0
0.0461198277929961,497.0
0.04613778722749493,495.0
0.04615574666199376,495.0
0.04616771961832632,495.0
0.04618567905282515,495.0
0.04620363848732398,495.0
0.04622159792182281,495.0
0.04623955735632164,495.0
0.04625751679082047,495.0
0.0462754762253193,495.0
0.04629343565981813,494.0
0.04631139509431696,494.0
0.04632935452881579,494.0
0.04634132748514835,494.0
0.04635928691964718,491.0
0.04637724635414601,491.0
0.04639520578864484,491.0
0.04641316522314367,490.0
0.0464311246576425,490.0
0.04644908409214133,490.0
0.04646704352664016,490.0
0.04648500296113899,490.0
0.04650296239563782,490.0
0.04651493535197038,490.0
0.04653289478646921,490.0
0.04655085422096804,490.0
0.04656881365546687,490.0
0.0465867730899657,489.0
0.04660473252446453,489.0
0.04662269195896336,489.0
0.04664065139346219,488.0
0.04665861082796102,488.0
0.04667657026245985,488.0
0.04668854321879241,488.0
0.04670650265329124,488.0
0.04672446208779007,488.0
0.0467424215222889,486.0
0.04676038095678773,486.0
0.04677834039128656,486.0
0.04679629982578539,486.0
0.04681425926028422,486.0
0.04683221869478305,486.0
0.04685017812928188,485.0
0.04686215108561444,485.0
0.04688011052011327,484.0
0.0468980699546121,484.0
0.04691602938911093,484.0
0.04693398882360976,483.0
0.04695194825810859,483.0
0.04696990769260742,483.0
0.04698786712710625,483.0
0.04700582656160508,483.0
0.04702378599610391,482.0
0.047041745430602744,482.0
0.0470537183869353,481.0
0.04707167782143413,481.0
0.04708963725593296,481.0
0.04710759669043179,481.0
0.04712555612493062,481.0
0.04714351555942945,481.0
0.04716147499392828,480.0
0.04717943442842711,480.0
0.04719739386292594,478.0
0.047215353297424774,478.0
0.04722732625375733,477.0
0.04724528568825616,477.0
0.04726324512275499,476.0
0.04728120455725382,475.0
0.04729916399175265,474.0
0.04731712342625148,474.0
0.04733508286075031,474.0
0.04735304229524914,474.0
0.04737100172974797,474.0
0.047388961164246804,474.0
0.04740093412057936,473.0
0.04741889355507819,472.0
0.04743685298957702,472.0
0.04745481242407585,472.0
0.04747277185857468,472.0
0.04749073129307351,472.0
0.04750869072757234,472.0
0.04752665016207117,472.0
0.04754460959657,471.0
0.047562569031068834,471.0
0.04757454198740139,471.0
0.04759250142190022,469.0
0.04761046085639905,469.0
0.04762842029089788,469.0
0.04764637972539671,469.0
0.04766433915989554,469.0
0.04768229859439437,469.0
0.0477002580288932,469.0
0.04771821746339203,469.0
0.047736176897890864,469.0
0.04774814985422342,468.0
0.04776610928872225,467.0
0.04778406872322108,467.0
0.04780202815771991,467.0
0.04781998759221874,467.0
0.04783794702671757,467.0
0.0478559064612164,467.0
0.04787386589571523,466.0
0.04789182533021406,466.0
0.047909784764712894,466.0
0.04792175772104545,466.0
0.04793971715554428,466.0
0.04795767659004311,466.0
0.04797563602454194,465.0
0.04799359545904077,465.0
0.0480115548935396,465.0
0.04802951432803843,465.0
0.04804747376253726,465.0
0.04806543319703609,465.0
0.048083392631534924,464.0
0.04809536558786748,464.0
0.04811332502236631,463.0
0.04813128445686514,462.0
0.04814924389136397,461.0
0.0481672033258628,461.0
0.04818516276036163,460.0
0.04820312219486046,460.0
0.04822108162935929,459.0
0.048239041063858124,457.0
0.048257000498356954,457.0
0.048274959932855785,457.0
0.04828693288918834,457.0
0.04830489232368717,456.0
0.048322851758186,456.0
0.04834081119268483,456.0
0.04835877062718366,455.0
0.04837673006168249,455.0
0.04839468949618132,455.0
0.048412648930680154,455.0
0.048430608365178984,455.0
0.048448567799677815,455.0
0.04846054075601037,455.0
0.0484785001905092,455.0
0.04849645962500803,454.0
0.04851441905950686,453.0
0.04853237849400569,453.0
0.04855033792850452,453.0
0.04856829736300335,452.0
0.048586256797502184,452.0
0.048604216232001014,452.0
0.048622175666499845,450.0
0.0486341486228324,450.0
0.04865210805733123,449.0
0.04867006749183006,449.0
0.04868802692632889,448.0
0.04870598636082772,448.0
0.04872394579532655,448.0
0.04874190522982538,446.0
0.048759864664324214,446.0
0.048777824098823044,446.0
0.048795783533321875,445.0
0.04880775648965443,445.0
0.04882571592415326,445.0
0.04884367535865209,445.0
0.04886163479315092,445.0
0.04887959422764975,445.0
0.04889755366214858,444.0
0.04891551309664741,442.0
0.048933472531146244,442.0
0.048951431965645074,441.0
0.048969391400143905,441.0
0.04898136435647646,441.0
0.04899932379097529,441.0
0.04901728322547412,440.0
0.04903524265997295,440.0
0.04905320209447178,439.0
0.04907116152897061,439.0
0.04908912096346944,438.0
0.049107080397968274,437.0
0.049125039832467104,437.0
0.049142999266965935,437.0
0.04915497222329849,437.0
0.04917293165779732,436.0
0.04919089109229615,436.0
0.04920885052679498,436.0
0.04922680996129381,436.0
0.04924476939579264,436.0
0.04926272883029147,435.0
0.049280688264790304,435.0
0.049298647699289135,435.0
0.049316607133787965,435.0
0.04932858009012052,435.0
0.04934653952461935,435.0
0.04936449895911818,434.0
0.04938245839361701,433.0
0.04940041782811584,433.0
0.04941837726261467,433.0
0.0494363366971135,433.0
0.049454296131612334,433.0
0.049472255566111165,433.0
0.049490215000609995,433.0
0.049508174435108826,432.0
0.04952014739144138,431.0
0.04953810682594021,431.0
0.04955606626043904,431.0
0.04957402569493787,431.0
0.0495919851294367,431.0
0.04960994456393553,431.0
0.049627903998434364,431.0
0.049645863432933195,431.0
0.049663822867432025,430.0
0.049681782301930856,430.0
0.04969375525826341,430.0
0.04971171469276224,430.0
0.04972967412726107,430.0
0.0497476335617599,428.0
0.04976559299625873,426.0
0.04978355243075756,426.0
0.049801511865256394,425.0
0.049819471299755225,425.0
0.049837430734254055,425.0
0.049855390168752886,425.0
0.04986736312508544,425.0
0.04988532255958427,424.0
0.0499032819940831,424.0
0.04992124142858193,424.0
0.04993920086308076,424.0
0.04995716029757959,423.0
0.049975119732078424,422.0
0.049993079166577255,422.0
