1e-05,0.9901070359477284
1.6681005372000593e-05,0.9837270199871718
2.782559402207126e-05,0.9733495058040953
4.641588833612782e-05,0.9566142344272446
7.742636826811278e-05,0.9299557444557294
0.0001291549665014884,0.8882495323852294
0.00021544346900318823,0.8247498664823737
0.00035938136638046257,0.7320129202230468
0.0005994842503189409,0.6050517499545777
0.001,0.44785350886809494
0.001,0.44798408382091665
0.0016681005372000592,0.28127281869312554
0.0027825594022071257,0.1411338662782748
0.004641588833612777,0.05619298906710908
0.007742636826811269,0.021143824433896778
0.01291549665014884,0.009622830528833564
0.021544346900318832,0.005122290550378081
0.03593813663804626,0.002894933030835379
0.05994842503189409,0.0016793637696657176
0.1,0.000987605737381851
